HealthyCells,InfectedCells,NumOfViruses
990,10,94
982,8,98
975,7,100
968,7,101
962,6,102
958,4,102
954,4,100
951,3,98
949,2,97
947,2,96
946,1,95
945,1,95
944,1,95
943,1,95
942,1,95
941,1,95
940,1,95
939,1,95
938,1,95
937,1,95
936,1,95
935,1,95
935,0,95
935,0,94
935,0,93
935,0,92
935,0,91
935,0,90
935,0,89
935,0,88
935,0,87
935,0,87
935,0,87
935,0,87
935,0,87
935,0,87
935,0,87
935,0,87
935,0,87
935,0,87
935,0,87
935,0,87
935,0,87
935,0,87
935,0,87
935,0,87
935,0,87
935,0,87
935,0,87
935,0,87
935,0,87
935,0,87
935,0,87
935,0,87
935,0,87
935,0,87
935,0,87
935,0,87
935,0,87
935,0,87
935,0,87
935,0,87
935,0,87
935,0,87
935,0,87
935,0,87
935,0,87
935,0,87
935,0,87
935,0,87
935,0,87
935,0,87
935,0,87
935,0,87
935,0,87
935,0,87
935,0,87
935,0,87
935,0,87
935,0,87
935,0,87
935,0,87
935,0,87
935,0,87
935,0,87
935,0,87
935,0,87
935,0,87
935,0,87
935,0,87
935,0,87
935,0,87
935,0,87
935,0,87
935,0,87
935,0,87
935,0,87
935,0,87
935,0,87
935,0,87
935,0,87
935,0,87
934,1,87
933,1,88
932,1,89
931,1,90
930,1,91
929,1,92
928,1,93
927,1,94
926,1,95
925,1,96
924,1,97
923,1,98
922,1,99
921,1,100
920,1,101
919,1,102
918,1,103
917,1,104
916,1,105
915,1,106
914,1,107
913,1,108
912,1,109
911,1,110
910,1,111
909,1,112
908,1,113
907,1,114
906,1,115
905,1,116
904,1,117
903,1,118
902,1,119
901,1,120
900,1,121
899,1,122
898,1,123
897,1,124
896,1,125
895,1,126
894,1,127
893,1,128
892,1,129
891,1,130
890,1,131
889,1,132
888,1,133
887,1,134
