HealthyCells,InfectedCells,NumOfViruses
990,10,95
980,10,100
971,9,105
962,9,109
954,8,113
946,8,117
939,7,123
933,6,128
927,6,132
921,6,137
915,6,142
909,6,147
903,6,152
897,6,157
891,6,162
885,6,167
879,6,172
873,6,177
867,6,182
861,6,187
855,6,192
850,5,197
845,5,201
840,5,205
835,5,209
830,5,213
825,5,217
820,5,221
815,5,225
810,5,229
805,5,233
800,5,237
795,5,241
790,5,245
785,5,249
780,5,253
775,5,257
770,5,261
765,5,265
760,5,269
755,5,273
750,5,277
745,5,281
740,5,285
735,5,289
730,5,293
725,5,297
720,5,301
716,4,305
712,4,308
708,4,311
704,4,314
701,3,317
698,3,319
696,2,321
694,2,322
692,2,323
690,2,324
688,2,325
686,2,326
684,2,327
682,2,328
681,1,329
680,1,329
679,1,329
678,1,330
677,1,331
676,1,332
675,1,333
674,1,334
673,1,335
672,1,336
671,1,337
670,1,338
669,1,339
668,1,340
667,1,341
666,1,342
665,1,343
664,1,344
663,1,345
662,1,346
661,1,347
660,1,348
659,1,349
658,1,350
657,1,351
656,1,352
655,1,353
654,1,354
653,1,355
652,1,356
651,1,357
650,1,358
649,1,359
648,1,360
647,1,361
646,1,362
645,1,363
644,1,364
643,1,365
642,1,366
641,1,367
640,1,368
639,1,369
638,1,370
637,1,371
636,1,372
635,1,373
634,1,374
633,1,375
632,1,376
631,1,377
630,1,378
629,1,379
628,1,380
627,1,381
626,1,382
625,1,383
624,1,384
623,1,385
622,1,386
621,1,387
620,1,388
619,1,389
618,1,390
617,1,391
616,1,392
615,1,393
614,1,394
613,1,395
612,1,396
611,1,397
610,1,398
609,1,399
608,1,400
607,1,401
606,1,402
605,1,403
604,1,404
603,1,405
602,1,406
601,1,407
600,1,408
599,1,409
598,1,410
597,1,411
596,1,412
595,1,413
594,1,414
