HealthyCells,InfectedCells,NumOfViruses
989,11,95
979,10,102
969,10,108
959,10,114
949,10,120
939,10,126
929,10,132
920,9,138
912,8,143
905,7,147
898,7,150
891,7,154
885,6,158
880,5,161
875,5,164
870,5,167
865,5,170
860,5,173
855,5,177
850,5,181
845,5,185
840,5,189
835,5,193
831,4,197
828,3,200
825,3,202
822,3,204
819,3,206
816,3,208
813,3,210
810,3,212
808,2,214
806,2,215
804,2,216
802,2,217
800,2,218
799,1,219
798,1,219
797,1,219
796,1,219
795,1,219
794,1,219
793,1,219
792,1,219
791,1,220
790,1,221
789,1,222
788,1,223
787,1,224
786,1,225
785,1,226
784,1,227
783,1,228
782,1,229
781,1,230
777,4,231
773,4,235
769,4,239
765,4,243
761,4,247
757,4,251
753,4,255
749,4,259
745,4,263
741,4,267
737,4,271
733,4,275
729,4,279
725,4,283
721,4,287
717,4,291
713,4,295
709,4,299
705,4,303
701,4,307
697,4,311
693,4,315
689,4,319
685,4,323
681,4,327
677,4,331
673,4,335
669,4,339
665,4,343
661,4,347
657,4,351
653,4,355
649,4,359
645,4,363
641,4,367
637,4,371
633,4,375
629,4,379
625,4,383
621,4,387
617,4,391
613,4,395
609,4,399
605,4,403
601,4,407
597,4,411
593,4,415
589,4,419
585,4,423
581,4,427
577,4,431
573,4,435
569,4,439
565,4,443
561,4,447
557,4,451
553,4,455
549,4,459
545,4,463
541,4,467
537,4,471
533,4,475
529,4,479
525,4,483
521,4,487
517,4,491
513,4,495
509,4,499
505,4,503
501,4,507
497,4,511
493,4,515
489,4,519
485,4,523
481,4,527
477,4,531
473,4,535
469,4,539
465,4,543
461,4,547
457,4,551
453,4,555
449,4,559
445,4,563
441,4,567
437,4,571
433,4,575
429,4,579
425,4,583
421,4,587
417,4,591
413,4,595
413,0,599
413,0,599
413,0,599
