HealthyCells,InfectedCells,NumOfViruses
993,7,98
986,7,103
979,7,108
972,7,113
965,7,118
958,7,123
951,7,128
944,7,133
937,7,138
930,7,143
923,7,148
917,6,153
911,6,157
905,6,161
899,6,165
893,6,169
888,5,173
884,4,176
881,3,178
879,2,179
877,2,179
875,2,179
873,2,179
871,2,179
869,2,179
867,2,180
865,2,181
863,2,182
861,2,183
859,2,184
857,2,185
855,2,186
853,2,187
851,2,188
849,2,189
847,2,190
845,2,191
843,2,192
841,2,193
839,2,194
837,2,195
835,2,196
833,2,197
831,2,198
829,2,199
827,2,200
825,2,201
823,2,202
821,2,203
819,2,205
817,2,207
815,2,209
813,2,211
811,2,213
809,2,215
807,2,217
805,2,219
803,2,221
801,2,223
799,2,225
797,2,227
795,2,229
793,2,231
791,2,233
789,2,235
787,2,237
785,2,239
783,2,241
781,2,243
779,2,245
777,2,247
775,2,249
773,2,251
771,2,253
769,2,255
767,2,257
765,2,259
763,2,261
761,2,263
759,2,265
757,2,267
755,2,269
753,2,271
751,2,273
749,2,275
747,2,277
745,2,279
743,2,281
741,2,283
739,2,285
737,2,287
735,2,289
733,2,291
731,2,293
729,2,295
727,2,297
725,2,299
723,2,301
721,2,303
719,2,305
717,2,307
715,2,309
713,2,311
711,2,313
709,2,315
707,2,317
705,2,319
703,2,321
701,2,323
699,2,325
697,2,327
695,2,329
693,2,331
691,2,333
689,2,335
687,2,337
685,2,339
683,2,341
681,2,343
679,2,345
677,2,347
675,2,349
674,1,351
673,1,352
672,1,353
671,1,354
670,1,355
669,1,356
668,1,357
667,1,358
666,1,359
665,1,360
664,1,361
663,1,362
662,1,363
661,1,364
660,1,365
659,1,366
658,1,367
657,1,368
656,1,369
655,1,370
654,1,371
653,1,372
652,1,373
651,1,374
650,1,375
649,1,376
648,1,377
647,1,378
