HealthyCells,InfectedCells,NumOfViruses
988,12,98
977,11,108
966,11,117
955,11,127
944,11,137
934,10,147
924,10,156
914,10,165
904,10,174
894,10,183
884,10,192
874,10,201
864,10,210
854,10,219
844,10,228
834,10,237
824,10,246
814,10,255
804,10,264
794,10,273
784,10,282
774,10,291
764,10,300
754,10,309
744,10,318
735,9,327
726,9,335
717,9,343
708,9,351
700,8,359
692,8,366
684,8,373
676,8,380
668,8,387
661,7,394
654,7,400
648,6,406
642,6,411
636,6,417
630,6,423
624,6,429
618,6,435
612,6,441
606,6,447
600,6,453
594,6,459
588,6,465
582,6,471
576,6,477
570,6,483
564,6,489
558,6,495
552,6,501
546,6,507
540,6,513
534,6,519
528,6,525
522,6,531
516,6,537
510,6,543
504,6,549
498,6,555
492,6,561
486,6,567
480,6,573
474,6,579
468,6,585
462,6,591
456,6,597
450,6,603
444,6,609
438,6,615
432,6,621
426,6,627
420,6,633
414,6,639
408,6,645
402,6,651
396,6,657
390,6,663
384,6,669
378,6,675
372,6,681
366,6,687
360,6,693
354,6,699
348,6,705
342,6,711
336,6,717
330,6,723
324,6,729
318,6,735
312,6,741
306,6,747
300,6,753
294,6,759
288,6,765
282,6,771
276,6,777
270,6,783
264,6,789
258,6,795
252,6,801
246,6,807
240,6,813
234,6,819
228,6,825
222,6,831
216,6,837
210,6,843
204,6,849
198,6,855
192,6,861
186,6,867
180,6,873
174,6,879
168,6,885
162,6,891
156,6,897
150,6,903
144,6,909
138,6,915
132,6,921
126,6,927
120,6,933
114,6,939
108,6,945
102,6,951
96,6,957
90,6,963
84,6,969
78,6,975
72,6,981
66,6,987
60,6,993
54,6,999
54,0,1004
54,0,1003
54,0,1002
54,0,1001
54,0,1000
54,0,999
50,4,998
50,0,1001
50,0,1000
50,0,999
46,4,998
46,0,1001
46,0,1000
46,0,999
46,0,997
46,0,995
46,0,993
46,0,991
46,0,989
46,0,987
46,0,985
46,0,983
46,0,982
46,0,981
46,0,981
46,0,981
46,0,981
46,0,981
46,0,981
46,0,981
46,0,981
46,0,981
46,0,981
46,0,981
46,0,981
46,0,981
46,0,981
46,0,981
46,0,981
46,0,981
46,0,981
46,0,981
46,0,981
46,0,981
46,0,981
46,0,981
46,0,981
46,0,981
46,0,981
46,0,981
46,0,981
46,0,981
46,0,981
46,0,981
46,0,981
46,0,981
46,0,981
46,0,981
46,0,981
46,0,981
46,0,981
46,0,981
46,0,981
46,0,981
46,0,981
46,0,981
46,0,981
46,0,981
46,0,981
46,0,981
46,0,981
46,0,981
46,0,981
46,0,981
46,0,981
46,0,981
46,0,981
46,0,981
46,0,981
46,0,981
46,0,981
46,0,981
46,0,981
46,0,981
46,0,981
46,0,981
46,0,981
46,0,981
46,0,981
46,0,981
46,0,981
46,0,981
41,5,980
36,5,984
31,5,988
26,5,992
21,5,996
21,0,1000
21,0,999
17,4,998
17,0,1001
17,0,1000
17,0,999
15,2,998
15,0,999
13,2,998
13,0,999
11,2,999
11,0,1001
11,0,1001
11,0,1001
11,0,1001
11,0,1001
11,0,1001
11,0,1001
11,0,1001
11,0,1001
11,0,1001
11,0,1001
11,0,1001
11,0,1001
11,0,1001
11,0,1001
11,0,1001
11,0,1001
11,0,1001
11,0,1001
11,0,1001
11,0,1001
11,0,1001
11,0,1001
11,0,1001
11,0,1001
11,0,1001
11,0,1001
11,0,1001
11,0,1001
11,0,1001
11,0,1001
11,0,1001
11,0,1001
11,0,1001
11,0,1001
11,0,1001
11,0,1001
11,0,1001
11,0,1001
11,0,1001
11,0,1001
11,0,1001
11,0,1001
11,0,1001
11,0,1001
11,0,1001
11,0,1001
11,0,1001
11,0,1001
11,0,1001
11,0,1001
11,0,1001
11,0,1001
11,0,1001
11,0,1001
11,0,1001
