HealthyCells,InfectedCells,NumOfViruses
986,14,98
971,15,110
956,15,123
942,14,136
928,14,148
914,14,160
900,14,172
886,14,184
872,14,196
858,14,208
844,14,220
831,13,232
818,13,243
806,12,254
794,12,264
782,12,274
771,11,284
760,11,293
749,11,302
739,10,311
729,10,319
720,9,327
712,8,334
704,8,340
696,8,346
690,6,352
684,6,356
678,6,360
672,6,364
666,6,368
660,6,372
654,6,376
648,6,380
642,6,384
636,6,389
630,6,394
624,6,399
618,6,404
612,6,409
607,5,414
602,5,418
597,5,422
592,5,426
587,5,430
583,4,434
580,3,437
577,3,439
574,3,441
571,3,443
568,3,445
565,3,447
562,3,449
559,3,451
557,2,453
556,1,455
555,1,456
554,1,457
553,1,458
552,1,459
551,1,460
550,1,461
549,1,462
548,1,463
547,1,464
546,1,465
545,1,466
544,1,467
543,1,468
542,1,469
541,1,470
540,1,471
539,1,472
538,1,473
537,1,474
536,1,475
535,1,476
534,1,477
533,1,478
532,1,479
531,1,480
530,1,481
529,1,482
528,1,483
527,1,484
526,1,485
524,2,485
522,2,486
520,2,487
518,2,488
516,2,489
514,2,490
512,2,491
510,2,492
508,2,493
506,2,494
504,2,495
503,1,496
503,0,497
503,0,497
503,0,497
503,0,497
503,0,497
503,0,497
503,0,497
503,0,497
503,0,497
503,0,497
503,0,497
503,0,497
503,0,497
503,0,497
503,0,497
503,0,497
503,0,497
503,0,497
503,0,497
503,0,497
503,0,497
503,0,497
503,0,497
503,0,497
503,0,497
503,0,497
503,0,497
503,0,497
503,0,497
503,0,497
503,0,497
503,0,497
503,0,497
503,0,497
503,0,497
503,0,497
503,0,497
503,0,497
503,0,497
503,0,497
503,0,497
503,0,497
503,0,497
503,0,497
503,0,497
503,0,497
503,0,497
503,0,497
503,0,497
503,0,497
503,0,497
503,0,497
503,0,497
503,0,497
503,0,497
503,0,497
503,0,497
503,0,497
503,0,497
503,0,497
503,0,497
503,0,497
503,0,497
503,0,497
503,0,497
503,0,497
503,0,497
503,0,497
503,0,497
503,0,497
503,0,497
503,0,497
503,0,497
503,0,497
503,0,497
503,0,497
503,0,497
503,0,497
503,0,497
503,0,497
503,0,497
503,0,497
503,0,497
503,0,497
503,0,497
503,0,497
503,0,497
503,0,497
503,0,497
503,0,497
503,0,497
503,0,497
503,0,497
503,0,497
503,0,497
503,0,497
503,0,497
503,0,497
503,0,497
503,0,497
503,0,497
503,0,497
503,0,497
503,0,497
503,0,497
503,0,497
503,0,497
503,0,497
503,0,497
503,0,497
503,0,497
503,0,497
503,0,497
503,0,497
503,0,497
503,0,497
503,0,497
503,0,497
503,0,497
503,0,497
503,0,497
503,0,497
503,0,497
503,0,497
503,0,497
503,0,497
503,0,497
503,0,497
503,0,497
503,0,497
503,0,497
503,0,497
503,0,497
503,0,497
503,0,497
503,0,497
503,0,497
503,0,497
503,0,497
503,0,497
503,0,497
503,0,497
503,0,497
503,0,497
503,0,497
503,0,497
503,0,497
503,0,497
503,0,497
503,0,497
503,0,497
503,0,497
503,0,497
503,0,497
503,0,497
503,0,497
503,0,497
503,0,497
503,0,497
503,0,497
503,0,497
503,0,497
503,0,497
503,0,497
503,0,497
503,0,497
503,0,497
503,0,497
503,0,497
503,0,497
503,0,497
503,0,497
503,0,497
503,0,497
503,0,497
503,0,497
503,0,497
503,0,497
503,0,497
503,0,497
503,0,497
503,0,497
503,0,497
503,0,497
503,0,497
503,0,497
503,0,497
503,0,497
503,0,497
503,0,497
503,0,497
503,0,497
503,0,497
503,0,497
503,0,497
503,0,497
503,0,497
503,0,497
503,0,497
503,0,497
503,0,497
503,0,497
503,0,497
503,0,497
503,0,497
503,0,497
503,0,497
503,0,497
503,0,497
503,0,497
503,0,497
503,0,497
503,0,497
503,0,497
503,0,497
503,0,497
503,0,497
503,0,497
503,0,497
503,0,497
503,0,497
503,0,497
503,0,497
503,0,497
503,0,497
503,0,497
503,0,497
503,0,497
503,0,497
503,0,497
503,0,497
503,0,497
503,0,497
503,0,497
503,0,497
503,0,497
503,0,497
503,0,497
503,0,497
503,0,497
503,0,497
503,0,497
503,0,497
503,0,497
503,0,497
503,0,497
503,0,497
503,0,497
503,0,497
503,0,497
503,0,497
503,0,497
503,0,497
503,0,497
503,0,497
503,0,497
503,0,497
503,0,497
503,0,497
503,0,497
503,0,497
503,0,497
503,0,497
503,0,497
503,0,497
503,0,497
503,0,497
503,0,497
503,0,497
503,0,497
503,0,497
503,0,497
503,0,497
503,0,497
503,0,497
503,0,497
503,0,497
503,0,497
503,0,497
503,0,497
503,0,497
503,0,497
503,0,497
503,0,497
503,0,497
503,0,497
503,0,497
503,0,497
503,0,497
503,0,497
503,0,497
503,0,497
503,0,497
503,0,497
503,0,497
503,0,497
503,0,497
503,0,497
503,0,497
503,0,497
503,0,497
503,0,497
503,0,497
503,0,497
503,0,497
503,0,497
503,0,497
503,0,497
503,0,497
503,0,497
503,0,497
503,0,497
503,0,497
503,0,497
503,0,497
503,0,497
503,0,497
503,0,497
503,0,497
503,0,497
503,0,497
503,0,497
503,0,497
503,0,497
503,0,497
503,0,497
503,0,497
503,0,497
503,0,497
503,0,497
503,0,497
503,0,497
503,0,497
503,0,497
503,0,497
503,0,497
503,0,497
503,0,497
503,0,497
503,0,497
503,0,497
503,0,497
503,0,497
503,0,497
503,0,497
503,0,497
503,0,497
503,0,497
503,0,497
503,0,497
503,0,497
503,0,497
503,0,497
